# Created by Octave 6.3.0, Thu Oct 14 15:29:31 2021 GMT <unknown@LAPTOP-G3LN1NPN>
# name: x
# type: matrix
# rows: 1
# columns: 760
 0 0 1.4093792400207693e-17 -1.0005166168847091e-16 0 0 -1.6717239616515838e-17 0 0 0 4.6646966670748214e-18 0 0 -3.0342075463261648e-17 -6.2936662695015798e-17 0 0 0 0 1.4005382705257672e-12 0 0 0 0 -7.8367917693387461e-17 0 0 0 -5.5511154811833221e-17 0 0 0 2.0804495465830492e-16 0 5.551757691205992e-18 0 0 0 0 -1.3084081487940969e-16 0 0 0 -1.3738058019895752e-16 -6.2063436473512436e-17 -4.6140173723214846e-17 0 -1.0575526406670459e-16 -2.151331915689681e-17 -9.8292727651423224e-17 3.1401804348117115e-15 0 -9.6358367185583204e-17 -1.0995522616086817e-17 -1.6070397410869691e-16 -1.6426112560001463e-16 0 4.4408821683785452e-16 -6.2063341063608987e-17 -8.6745983993087328e-17 0 -1.6207638700646283e-16 0 0 0 0 0 0 0 0 0 0 0 1 -2.0761775440575695e-17 0 0 4.4674188199214874e-24 -1.0491295678398635e-17 0 0 0 0 0 0 9.997826297307926e-17 -9.2518789897127946e-17 0 0 0 0 -3.4451748980170627e-17 0 -3.1401839456409185e-16 0 0 -6.6613381477509392e-16 0 0 -1.5515835988704645e-16 0 0 0 0 -2.4178139917745746e-17 0 0 0 0 0 0 0 -4.4567353261453507e-19 0 0 0 0 0 0 0 0 0 0 0 -3.6340481901881645e-12 0 0 0 0 0 0 0 0 0 0 3.186979440777401e-17 -9.4105884513446485e-17 0 0 0 0 0 -1.3322691190726635e-15 0 -3.4901960366941876e-17 -8.5331134934469602e-18 0 0 -1.1356122868718166e-17 0 -5.9791018885372187e-17 0 -8.8588582801912841e-19 0 0 0 0 0 -6.3957902346653606e-16 0 0 -5.6074686821377388e-17 0 0 0 0 0 0 0 0 0 0 0 0 0 0 -7.5694505418280437e-19 0 0 0 1.1377800174450297e-15 0 -1.4135228434652646e-16 0 -8.4794403036356699e-12 -5.1719915888439251e-18 0 0 0 0 0 0 0 0 -7.2405950329054367e-18 0 0 0 0 0 0 0 0 0 0 0 -7.975423684111749e-17 0 0 0 -9.74395720852018e-12 0 -3.7199138229553629e-18 0 0 -3.9790987640910835e-18 0 0 0 0 -1.1920664694245474e-17 0 0 0 -8.4838666970582844e-17 0 -3.4336826974824855e-17 -4.2489372961558444e-16 0 0 0 0 0 0 0 0 -2.4420586299809011e-17 0 0 0 0 0 0 0 0 0 -5.5511151231257827e-17 0 0 0 -6.6166128747890009e-18 0 0 0 0 0 -2.0194378387646516e-18 -3.9020814740115044e-18 0 0 0 0.55901711374992047 0 0 0 0.55901711374992036 0 -3.9252331345358738e-18 0 0 0 0 0 0 0 -9.4206813896821443e-18 -6.0944811753908496e-18 0 0 0 0 0 0 0 0 0 -1.7347234759768071e-17 -4.9737971581966233e-18 -7.4477064706386587e-18 0 0 0 0 1.9054706733177777e-18 0 0 -9.0166819530342387e-18 0 0 0 0 -6.206335551964021e-17 0 0 0 0 0 0 -2.1256058627274173e-17 0 0 0 0 0 0 0 6.6404430502024882e-18 0 0 -8.4684750831175088e-18 0 0 0 0 0 0 0 -6.0828060996015889e-17 0 0 0 -2.4671635028870843e-17 0 0 -5.0738575222848194e-18 -1.3080006188902877e-17 2.7755575615628914e-17 0 0 -7.2144121558261978e-18 -3.819278082437166e-17 0 -8.3364309691210625e-16 -4.5291055360548311e-18 0 0 0 -9.082166480137713e-18 0 0 -6.5420553724298749e-17 -1.8925213318928477e-17 -3.0733744043485065e-16 0 0 0 3.1918439867993169e-16 0 0 0 0 -1.3873155213408296e-18 0 0 -5.5552588297841098e-18 -8.4895835046733754e-17 -3.4990735883735596e-18 0 0 0 0 0 0 0 -5.1719458628711588e-18 -8.2751125273091438e-17 -2.9517762589763549e-16 0 0 0 0 0 0 0 0 0 0 0 0 0 0 -1.8506512692654255e-24 0 0 -3.194546426966042e-18 0 -1.9912399774417159e-16 -4.2648887138180413e-17 0 -1.4174461153323693e-17 -1.3482529822419585e-18 0 0 -4.3748828572175911e-16 0 0 3.5039656131020627e-16 1.5770179155414217e-18 0 0 0 0 -1.7690966508711185e-16 -1.4330422243519255e-16 0 0 0 0 -1.3877787807814457e-17 0.023809448409641311 0.083333437159742799 0 0 0 -5.3795143615080691e-18 1.4321777347004351e-18 2.9656229549107973e-17 0 -7.8963473604897143e-17 -2.7205932894883589e-16 -5.9107852636530294e-17 -1.5784154412157514e-16 -9.9209945642727248e-19 0 -2.482531907823003e-16 0 -1.1102230246251565e-16 -1.3877787807814457e-17 0 -1.5602641342455471e-17 -2.6140795459571973e-18 0 1.9001740296923105e-17 -1.4831506829782938e-16 0 0.52704644227840081 -6.0533201494387306e-17 -6.2673800575990608e-17 -6.4140232832789984e-17 -4.3885416805731581e-17 0 0 0 0 -2.7347473803323668e-17 0 -1.964604485566598e-18 1.2296194446112041e-16 -5.0772450070424423e-18 0 -4.248608885282404e-17 0 -8.3266819941937373e-18 -3.4694469519536142e-18 -1.6166441219475594e-16 0 0 0 -1.4045293915402149e-22 -5.9201112250872034e-18 0 -3.5020005568931231e-18 -2.2616219681525543e-16 0 0 0 -2.4550719439755197e-17 0 0 0 0 0 0 0 -2.9216276266241255e-17 -4.3166603043802891e-18 0 0 0 -2.9361268041933912e-17 0 -1.5324441549808322e-17 -8.4574936652394667e-18 1.7972699972149794e-16 0 -5.1962630430582024e-18 -4.1633319538057486e-17 -2.5535116845987892e-17 0 0 0 -4.0939432070677437e-17 0 0 -3.7300083202519975e-17 0 0 -1.0302541281472104e-17 0 0 0 0 -2.3262036791512307e-16 0 0 0 -4.1633319538057486e-17 3.6206722075861519e-18 0 0.5270464422784007 -1.136177263797269e-17 -3.0270724837070704e-17 0 0 0 -1.0365103014652443e-17 0 -3.1401839456409185e-16 -1.5243606915003541e-18 -2.8332767832497252e-18 -6.2497085383960093e-18 -3.5331449628386722e-18 0 0 0 0 0 2.275064960626435e-18 -1.8282936064579642e-16 0 0 2.2334050978589079e-17 0 0 0 -4.6618349656164252e-17 0 0 0 0 0 0 0 6.1629758220391547e-33 0 0 0 -4.0550313598534082e-16 0 0 0 0 -8.5862700936010074e-17 0 0 0 0 0 0 0 0 -9.4526949211086388e-17 -2.978556319621263e-16 -6.5648496632216942e-17 -1.4480431526146056e-17 -2.0180529033440721e-17 0 0 0 -4.216260881174959e-18 0 0 0 0 1.0050142614039274e-16 0 -2.1336005105997187e-24 0 -1.2196974299227115e-18 -6.3971015659058573e-17 -1.3303589940894248e-17 0 0 -8.7770841159983307e-17 3.5643634466550695e-17 0 0 0 -4.5936050937836176e-33 0 0 -8.2757474794683602e-17 0 0 0 0 0 1.6293417006677599e-18 0 0 0 0 2.3633576973906238e-17 0 -2.9506302451810018e-18 0 0 0 0 0 -1.0621084975467318e-19 0 0 1.8503714624268588e-17 0 0 0 0 -1.7732385116572628e-17 0 0 0 -6.5329836622546291e-18 0 0 0 0 0 0 0 0 0 0 -7.3212067824267372e-17 -1.4526847731364361e-16 0 0 0 0 5.5518315907972976e-16 1.371353239618238e-18 0 -1.6091728130865603e-16 0 0 0 0 1.1982196570160895e-17 -3.0941994694521079e-18 0 0 0 3.2474122251577758e-17 0 0 0 0 -7.7402158514953088e-18 0 -2.0816511131141931e-17 -7.3553751138235706e-18 0 0 -1.0662207223388691e-17 -9.2518518398065964e-18 0 0 3.1544330823139618e-16 -8.7252339718125242e-17 5.5510504840137088e-17 0 0 0 0 1.7544854501265218e-16 0 0 0 0 1.640099521215843e-16 0 0 0 0 -5.0591868135689123e-16 -1.5332975260921459e-18 -2.775557561562891e-17 -1.9675476397338118e-18 0 0 0 -2.0538589725725115e-16 0 0 0 0 0 -1.6719137090065828e-16 0 0 -1.1489203280762394e-25 0 0 0 0 -1.1068239512688299e-17 -6.3090044642962781e-18 -9.309505300774569e-18 0 6.6415777362263583e-18 0 0 0 1.0375161645710322e-17 0 0 0 5.818412349451724e-17 0 -5.8878386917478522e-17 -2.8951447014067435e-18 0 0 0 -2.482531907823003e-16 0 0 0 0 -2.3929385431445488e-18 0 0 0 0 0 0 0.1666668423488141 0 0 0 0 -2.9924030802453289e-17 -2.8639322989506157e-17 0 0 0 0 0 -6.498866032472386e-17 0

# Created by Octave 6.3.0, Thu Oct 14 15:30:31 2021 GMT <unknown@LAPTOP-G3LN1NPN>
# name: y
# type: sparse matrix
# nnz: 77
# rows: 1
# columns: 77
3.2796e+06	6.5591e+06	3.2796e+06	3.2796e+06	3.2796e+06	8.6667	3.2796e+06	-3.2796e+06	3.2796e+06	-6.5591e+06	-0.0097368	6.5591e+06	0.99026	3.2796e+06	-0.0097368	-7.6667	7.473	-3.2796e+06	6.473	-6.5591e+06	-3.2796e+06	6.5591e+06	-3.2796e+06	3.2796e+06	-3.2796e+06	-6.6667	-3.2796e+06	-3.2796e+06	-3.2796e+06	-6.5591e+06	-6.5591e+06	6.5591e+06	1.6398e+06	-4.9194e+06	-6.5591e+06	-5.6667	-6.5591e+06	-3.2796e+06	-6.5591e+06	-6.5591e+06	-9.8387e+06	6.5591e+06	-9.8387e+06	3.2796e+06	1.0932e+06	-5.466e+06	-9.8387e+06	-3.2796e+06	-9.8387e+06	-6.5591e+06	-6.5591e+06	6.5591e+06	-6.5591e+06	9.8387e+06	-6.5591e+06	1.3118e+07	-6.5591e+06	-1.3118e+07	-6.5591e+06	-8.0233	-3.2796e+06	6.5591e+06	-3.2796e+06	9.8387e+06	2.6237e+07	1.3118e+07	2.6237e+07	-3.2796e+07	
-1.3118e+07	-7.0233	1	9.8387e+06	2	-1.6398e+07	3	-1.3118e+07	4

# Created by Octave 6.3.0, Thu Oct 14 15:32:30 2021 GMT <unknown@LAPTOP-G3LN1NPN>
